N k T T_init mode chunk 
200 4 0.234014 0 1
200 4 0.219785 0 2
200 4 0.1875 0 3
200 4 0.233771 0 4
200 4 0.190386 0 5
200 4 0.230747 0 6
200 4 0.228342 0 7
200 4 0.215699 0 8
200 4 0.189139 0 9
200 4 0.206852 0 10
200 4 0.15752 12 1
200 4 0.111951 12 2
200 4 0.129496 12 3
200 4 0.12843 12 4
200 4 0.169089 12 5
200 4 0.090006 12 6
200 4 0.138981 12 7
200 4 0.133013 12 8
200 4 0.186566 12 9
200 4 0.205362 12 10
200 4 0.179885 13 1
200 4 0.155957 13 2
200 4 0.194857 13 3
200 4 0.203738 13 4
200 4 0.199227 13 5
200 4 0.189082 13 6
200 4 0.226419 13 7
200 4 0.165106 13 8
200 4 0.225773 13 9
200 4 0.195859 13 10
